  time (s)              T(t) (K)              P(t) (Pa)           Kinetic En. (n.u.)     Potential En. (n.u.) Total En. (n.u.)
  0.0000e+00          359.83333332            0.00000000        8204.79256816           -0.05586080         8204.73670736 
  5.0000e-15          359.83333332            0.00000000        8204.79256816           -0.05586081         8204.73670736 
  1.0000e-14          359.83333333            0.00000000        8204.79256836           -0.05586120         8204.73670716 
  1.5000e-14          359.83333335            0.00000000        8204.79256875           -0.05586198         8204.73670677 
  2.0000e-14          359.83333338            0.00000000        8204.79256933           -0.05586315         8204.73670619 
  2.5000e-14          359.83333341            0.00000000        8204.79257011           -0.05586470         8204.73670541 
  3.0000e-14          359.83333345            0.00000000        8204.79257108           -0.05586665         8204.73670444 
  3.5000e-14          359.83333350            0.00000000        8204.79257225           -0.05586898         8204.73670327 
  4.0000e-14          359.83333356            0.00000000        8204.79257361           -0.05587170         8204.73670191 
  4.5000e-14          359.83333363            0.00000000        8204.79257517           -0.05587481         8204.73670035 
  5.0000e-14          359.83333371            0.00000000        8204.79257692           -0.05587831         8204.73669860 
  5.5000e-14          359.83333379            0.00000000        8204.79257886           -0.05588220         8204.73669666 
  6.0000e-14          359.83333389            0.00000000        8204.79258100           -0.05588648         8204.73669452 
  6.5000e-14          359.83333399            0.00000000        8204.79258333           -0.05589115         8204.73669218 
  7.0000e-14          359.83333410            0.00000000        8204.79258586           -0.05589621         8204.73668965 
  7.5000e-14          359.83333422            0.00000000        8204.79258859           -0.05590166         8204.73668693 
  8.0000e-14          359.83333435            0.00000000        8204.79259151           -0.05590750         8204.73668401 
  8.5000e-14          359.83333449            0.00000000        8204.79259463           -0.05591373         8204.73668089 
  9.0000e-14          359.83333463            0.00000000        8204.79259794           -0.05592036         8204.73667758 
  9.5000e-14          359.83333478            0.00000000        8204.79260145           -0.05592737         8204.73667407 
  1.0000e-13          359.83333495            0.00000000        8204.79260515           -0.05593478         8204.73667037 
  1.0500e-13          359.83333512            0.00000000        8204.79260905           -0.05594258         8204.73666647 
  1.1000e-13          359.83333530            0.00000000        8204.79261315           -0.05595078         8204.73666237 
  1.1500e-13          359.83333549            0.00000000        8204.79261744           -0.05595936         8204.73665808 
  1.2000e-13          359.83333568            0.00000000        8204.79262193           -0.05596834         8204.73665359 
  1.2500e-13          359.83333589            0.00000000        8204.79262662           -0.05597772         8204.73664890 
  1.3000e-13          359.83333610            0.00000000        8204.79263151           -0.05598749         8204.73664401 
  1.3500e-13          359.83333633            0.00000000        8204.79263659           -0.05599766         8204.73663893 
  1.4000e-13          359.83333656            0.00000000        8204.79264187           -0.05600822         8204.73663365 
  1.4500e-13          359.83333680            0.00000000        8204.79264735           -0.05601918         8204.73662817 
  1.5000e-13          359.83333705            0.00000000        8204.79265303           -0.05603054         8204.73662249 
  1.5500e-13          359.83333730            0.00000000        8204.79265891           -0.05604229         8204.73661661 
  1.6000e-13          359.83333757            0.00000000        8204.79266498           -0.05605445         8204.73661054 
  1.6500e-13          359.83333785            0.00000000        8204.79267126           -0.05606700         8204.73660426 
  1.7000e-13          359.83333813            0.00000000        8204.79267773           -0.05607995         8204.73659778 
  1.7500e-13          359.83333842            0.00000000        8204.79268441           -0.05609330         8204.73659111 
  1.8000e-13          359.83333872            0.00000000        8204.79269129           -0.05610706         8204.73658423 
  1.8500e-13          359.83333904            0.00000000        8204.79269837           -0.05612121         8204.73657715 
  1.9000e-13          359.83333935            0.00000000        8204.79270564           -0.05613577         8204.73656987 
  1.9500e-13          359.83333968            0.00000000        8204.79271313           -0.05615073         8204.73656239 
  2.0000e-13          359.83334002            0.00000000        8204.79272081           -0.05616610         8204.73655471 
  2.0500e-13          359.83334037            0.00000000        8204.79272869           -0.05618187         8204.73654683 
  2.1000e-13          359.83334072            0.00000000        8204.79273678           -0.05619804         8204.73653874 
  2.1500e-13          359.83334108            0.00000000        8204.79274507           -0.05621463         8204.73653045 
  2.2000e-13          359.83334146            0.00000000        8204.79275357           -0.05623162         8204.73652195 
  2.2500e-13          359.83334184            0.00000000        8204.79276227           -0.05624902         8204.73651325 
  2.3000e-13          359.83334223            0.00000000        8204.79277117           -0.05626682         8204.73650435 
  2.3500e-13          359.83334263            0.00000000        8204.79278028           -0.05628504         8204.73649524 
  2.4000e-13          359.83334304            0.00000000        8204.79278959           -0.05630367         8204.73648592 
  2.4500e-13          359.83334345            0.00000000        8204.79279912           -0.05632271         8204.73647640 
  2.5000e-13          359.83334388            0.00000000        8204.79280884           -0.05634216         8204.73646668 
  2.5500e-13          359.83334432            0.00000000        8204.79281878           -0.05636203         8204.73645674 
  2.6000e-13          359.83334476            0.00000000        8204.79282892           -0.05638231         8204.73644660 
  2.6500e-13          359.83334521            0.00000000        8204.79283927           -0.05640301         8204.73643625 
  2.7000e-13          359.83334568            0.00000000        8204.79284982           -0.05642413         8204.73642570 
  2.7500e-13          359.83334615            0.00000000        8204.79286059           -0.05644566         8204.73641493 
  2.8000e-13          359.83334663            0.00000000        8204.79287157           -0.05646762         8204.73640395 
  2.8500e-13          359.83334712            0.00000000        8204.79288276           -0.05648999         8204.73639277 
  2.9000e-13          359.83334762            0.00000000        8204.79289415           -0.05651279         8204.73638137 
  2.9500e-13          359.83334813            0.00000000        8204.79290576           -0.05653600         8204.73636976 
  3.0000e-13          359.83334865            0.00000000        8204.79291758           -0.05655965         8204.73635794 
  3.0500e-13          359.83334918            0.00000000        8204.79292962           -0.05658371         8204.73634590 
  3.1000e-13          359.83334971            0.00000000        8204.79294186           -0.05660821         8204.73633366 
  3.1500e-13          359.83335026            0.00000000        8204.79295432           -0.05663313         8204.73632120 
  3.2000e-13          359.83335082            0.00000000        8204.79296700           -0.05665848         8204.73630852 
  3.2500e-13          359.83335138            0.00000000        8204.79297989           -0.05668426         8204.73629563 
  3.3000e-13          359.83335196            0.00000000        8204.79299300           -0.05671047         8204.73628253 
  3.3500e-13          359.83335254            0.00000000        8204.79300632           -0.05673712         8204.73626920 
  3.4000e-13          359.83335313            0.00000000        8204.79301986           -0.05676419         8204.73625566 
  3.4500e-13          359.83335374            0.00000000        8204.79303362           -0.05679171         8204.73624191 
  3.5000e-13          359.83335435            0.00000000        8204.79304759           -0.05681966         8204.73622793 
  3.5500e-13          359.83335497            0.00000000        8204.79306179           -0.05684805         8204.73621373 
  3.6000e-13          359.83335561            0.00000000        8204.79307620           -0.05687689         8204.73619932 
  3.6500e-13          359.83335625            0.00000000        8204.79309084           -0.05690616         8204.73618468 
  3.7000e-13          359.83335690            0.00000000        8204.79310570           -0.05693587         8204.73616982 
  3.7500e-13          359.83335756            0.00000000        8204.79312078           -0.05696604         8204.73615474 
  3.8000e-13          359.83335823            0.00000000        8204.79313608           -0.05699664         8204.73613944 
  3.8500e-13          359.83335891            0.00000000        8204.79315161           -0.05702770         8204.73612391 
  3.9000e-13          359.83335960            0.00000000        8204.79316736           -0.05705920         8204.73610816 
  3.9500e-13          359.83336030            0.00000000        8204.79318334           -0.05709116         8204.73609218 
  4.0000e-13          359.83336102            0.00000000        8204.79319955           -0.05712357         8204.73607598 
  4.0500e-13          359.83336174            0.00000000        8204.79321598           -0.05715643         8204.73605954 
  4.1000e-13          359.83336247            0.00000000        8204.79323264           -0.05718975         8204.73604288 
  4.1500e-13          359.83336321            0.00000000        8204.79324953           -0.05722353         8204.73602600 
  4.2000e-13          359.83336396            0.00000000        8204.79326665           -0.05725777         8204.73600888 
  4.2500e-13          359.83336472            0.00000000        8204.79328400           -0.05729247         8204.73599153 
  4.3000e-13          359.83336549            0.00000000        8204.79330158           -0.05732764         8204.73597394 
  4.3500e-13          359.83336627            0.00000000        8204.79331940           -0.05736327         8204.73595613 
  4.4000e-13          359.83336706            0.00000000        8204.79333745           -0.05739937         8204.73593808 
  4.4500e-13          359.83336786            0.00000000        8204.79335573           -0.05743594         8204.73591979 
  4.5000e-13          359.83336868            0.00000000        8204.79337425           -0.05747297         8204.73590128 
  4.5500e-13          359.83336950            0.00000000        8204.79339301           -0.05751049         8204.73588252 
  4.6000e-13          359.83337033            0.00000000        8204.79341200           -0.05754848         8204.73586352 
  4.6500e-13          359.83337118            0.00000000        8204.79343123           -0.05758694         8204.73584429 
  4.7000e-13          359.83337203            0.00000000        8204.79345071           -0.05762589         8204.73582482 
  4.7500e-13          359.83337289            0.00000000        8204.79347042           -0.05766532         8204.73580510 
  4.8000e-13          359.83337377            0.00000000        8204.79349038           -0.05770523         8204.73578515 
  4.8500e-13          359.83337466            0.00000000        8204.79351058           -0.05774563         8204.73576495 
  4.9000e-13          359.83337555            0.00000000        8204.79353102           -0.05778652         8204.73574450 
  4.9500e-13          359.83337646            0.00000000        8204.79355171           -0.05782790         8204.73572382 
  5.0000e-13          359.83337738            0.00000000        8204.79357265           -0.05786977         8204.73570288 
  5.0500e-13          359.83337831            0.00000000        8204.79359383           -0.05791213         8204.73568170 
  5.1000e-13          359.83337925            0.00000000        8204.79361526           -0.05795500         8204.73566026 
  5.1500e-13          359.83338020            0.00000000        8204.79363695           -0.05799837         8204.73563858 
  5.2000e-13          359.83338116            0.00000000        8204.79365888           -0.05804223         8204.73561665 
  5.2500e-13          359.83338213            0.00000000        8204.79368107           -0.05808661         8204.73559446 
  5.3000e-13          359.83338312            0.00000000        8204.79370351           -0.05813149         8204.73557202 
  5.3500e-13          359.83338411            0.00000000        8204.79372621           -0.05817688         8204.73554932 
  5.4000e-13          359.83338512            0.00000000        8204.79374916           -0.05822279         8204.73552637 
  5.4500e-13          359.83338614            0.00000000        8204.79377237           -0.05826921         8204.73550316 
  5.5000e-13          359.83338717            0.00000000        8204.79379584           -0.05831615         8204.73547969 
  5.5500e-13          359.83338821            0.00000000        8204.79381957           -0.05836361         8204.73545596 
  5.6000e-13          359.83338926            0.00000000        8204.79384356           -0.05841160         8204.73543197 
  5.6500e-13          359.83339032            0.00000000        8204.79386782           -0.05846011         8204.73540771 
  5.7000e-13          359.83339140            0.00000000        8204.79389234           -0.05850915         8204.73538319 
  5.7500e-13          359.83339249            0.00000000        8204.79391713           -0.05855872         8204.73535840 
  5.8000e-13          359.83339358            0.00000000        8204.79394218           -0.05860883         8204.73533335 
  5.8500e-13          359.83339470            0.00000000        8204.79396750           -0.05865948         8204.73530803 
  5.9000e-13          359.83339582            0.00000000        8204.79399310           -0.05871066         8204.73528243 
  5.9500e-13          359.83339695            0.00000000        8204.79401896           -0.05876240         8204.73525657 
  6.0000e-13          359.83339810            0.00000000        8204.79404510           -0.05881468         8204.73523043 
  6.0500e-13          359.83339926            0.00000000        8204.79407152           -0.05886751         8204.73520401 
  6.1000e-13          359.83340043            0.00000000        8204.79409821           -0.05892089         8204.73517732 
  6.1500e-13          359.83340161            0.00000000        8204.79412518           -0.05897484         8204.73515035 
  6.2000e-13          359.83340281            0.00000000        8204.79415243           -0.05902934         8204.73512310 
  6.2500e-13          359.83340401            0.00000000        8204.79417997           -0.05908440         8204.73509556 
  6.3000e-13          359.83340523            0.00000000        8204.79420778           -0.05914004         8204.73506775 
  6.3500e-13          359.83340647            0.00000000        8204.79423589           -0.05919624         8204.73503965 
  6.4000e-13          359.83340771            0.00000000        8204.79426428           -0.05925302         8204.73501126 
  6.4500e-13          359.83340897            0.00000000        8204.79429295           -0.05931037         8204.73498258 
  6.5000e-13          359.83341024            0.00000000        8204.79432192           -0.05936831         8204.73495361 
  6.5500e-13          359.83341152            0.00000000        8204.79435118           -0.05942683         8204.73492435 
  6.6000e-13          359.83341282            0.00000000        8204.79438074           -0.05948594         8204.73489480 
  6.6500e-13          359.83341413            0.00000000        8204.79441059           -0.05954564         8204.73486495 
  6.7000e-13          359.83341545            0.00000000        8204.79444074           -0.05960594         8204.73483480 
  6.7500e-13          359.83341678            0.00000000        8204.79447119           -0.05966683         8204.73480435 
  6.8000e-13          359.83341813            0.00000000        8204.79450194           -0.05972834         8204.73477360 
  6.8500e-13          359.83341950            0.00000000        8204.79453299           -0.05979044         8204.73474255 
  6.9000e-13          359.83342087            0.00000000        8204.79456435           -0.05985316         8204.73471119 
  6.9500e-13          359.83342226            0.00000000        8204.79459602           -0.05991650         8204.73467952 
  7.0000e-13          359.83342366            0.00000000        8204.79462800           -0.05998046         8204.73464754 
  7.0500e-13          359.83342508            0.00000000        8204.79466029           -0.06004504         8204.73461525 
  7.1000e-13          359.83342651            0.00000000        8204.79469289           -0.06011025         8204.73458265 
  7.1500e-13          359.83342795            0.00000000        8204.79472581           -0.06017609         8204.73454972 
  7.2000e-13          359.83342941            0.00000000        8204.79475905           -0.06024257         8204.73451649 
  7.2500e-13          359.83343088            0.00000000        8204.79479261           -0.06030969         8204.73448293 
  7.3000e-13          359.83343237            0.00000000        8204.79482650           -0.06037746         8204.73444904 
  7.3500e-13          359.83343387            0.00000000        8204.79486071           -0.06044587         8204.73441483 
  7.4000e-13          359.83343538            0.00000000        8204.79489524           -0.06051495         8204.73438030 
  7.4500e-13          359.83343691            0.00000000        8204.79493011           -0.06058468         8204.73434543 
  7.5000e-13          359.83343846            0.00000000        8204.79496531           -0.06065508         8204.73431023 
  7.5500e-13          359.83344001            0.00000000        8204.79500084           -0.06072615         8204.73427470 
  7.6000e-13          359.83344159            0.00000000        8204.79503672           -0.06079789         8204.73423883 
  7.6500e-13          359.83344318            0.00000000        8204.79507293           -0.06087031         8204.73420261 
  7.7000e-13          359.83344478            0.00000000        8204.79510948           -0.06094342         8204.73416606 
  7.7500e-13          359.83344640            0.00000000        8204.79514638           -0.06101722         8204.73412916 
  7.8000e-13          359.83344803            0.00000000        8204.79518363           -0.06109171         8204.73409192 
  7.8500e-13          359.83344968            0.00000000        8204.79522122           -0.06116691         8204.73405432 
  7.9000e-13          359.83345134            0.00000000        8204.79525918           -0.06124281         8204.73401637 
  7.9500e-13          359.83345302            0.00000000        8204.79529748           -0.06131942         8204.73397806 
  8.0000e-13          359.83345472            0.00000000        8204.79533615           -0.06139675         8204.73393940 
  8.0500e-13          359.83345643            0.00000000        8204.79537517           -0.06147480         8204.73390037 
  8.1000e-13          359.83345816            0.00000000        8204.79541456           -0.06155358         8204.73386098 
  8.1500e-13          359.83345990            0.00000000        8204.79545432           -0.06163309         8204.73382123 
  8.2000e-13          359.83346166            0.00000000        8204.79549445           -0.06171335         8204.73378110 
  8.2500e-13          359.83346344            0.00000000        8204.79553495           -0.06179435         8204.73374060 
  8.3000e-13          359.83346523            0.00000000        8204.79557582           -0.06187610         8204.73369972 
  8.3500e-13          359.83346704            0.00000000        8204.79561708           -0.06195861         8204.73365847 
  8.4000e-13          359.83346887            0.00000000        8204.79565872           -0.06204189         8204.73361683 
  8.4500e-13          359.83347071            0.00000000        8204.79570074           -0.06212594         8204.73357481 
  8.5000e-13          359.83347257            0.00000000        8204.79574316           -0.06221076         8204.73353239 
  8.5500e-13          359.83347445            0.00000000        8204.79578596           -0.06229638         8204.73348959 
  8.6000e-13          359.83347634            0.00000000        8204.79582916           -0.06238278         8204.73344639 
  8.6500e-13          359.83347825            0.00000000        8204.79587276           -0.06246998         8204.73340279 
  8.7000e-13          359.83348018            0.00000000        8204.79591677           -0.06255798         8204.73335879 
  8.7500e-13          359.83348213            0.00000000        8204.79596118           -0.06264680         8204.73331438 
  8.8000e-13          359.83348410            0.00000000        8204.79600599           -0.06273643         8204.73326956 
  8.8500e-13          359.83348608            0.00000000        8204.79605123           -0.06282690         8204.73322433 
  8.9000e-13          359.83348808            0.00000000        8204.79609687           -0.06291819         8204.73317868 
  8.9500e-13          359.83349010            0.00000000        8204.79614294           -0.06301033         8204.73313261 
  9.0000e-13          359.83349214            0.00000000        8204.79618943           -0.06310331         8204.73308612 
  9.0500e-13          359.83349420            0.00000000        8204.79623636           -0.06319715         8204.73303920 
  9.1000e-13          359.83349628            0.00000000        8204.79628371           -0.06329186         8204.73299185 
  9.1500e-13          359.83349837            0.00000000        8204.79633150           -0.06338744         8204.73294406 
  9.2000e-13          359.83350049            0.00000000        8204.79637973           -0.06348390         8204.73289583 
  9.2500e-13          359.83350262            0.00000000        8204.79642840           -0.06358124         8204.73284716 
  9.3000e-13          359.83350478            0.00000000        8204.79647752           -0.06367949         8204.73279804 
  9.3500e-13          359.83350695            0.00000000        8204.79652710           -0.06377864         8204.73274846 
  9.4000e-13          359.83350914            0.00000000        8204.79657713           -0.06387870         8204.73269843 
  9.4500e-13          359.83351136            0.00000000        8204.79662762           -0.06397968         8204.73264794 
  9.5000e-13          359.83351359            0.00000000        8204.79667858           -0.06408160         8204.73259698 
  9.5500e-13          359.83351585            0.00000000        8204.79673001           -0.06418446         8204.73254555 
  9.6000e-13          359.83351813            0.00000000        8204.79678192           -0.06428827         8204.73249365 
  9.6500e-13          359.83352042            0.00000000        8204.79683430           -0.06439303         8204.73244127 
  9.7000e-13          359.83352274            0.00000000        8204.79688717           -0.06449877         8204.73238840 
  9.7500e-13          359.83352508            0.00000000        8204.79694053           -0.06460548         8204.73233504 
  9.8000e-13          359.83352744            0.00000000        8204.79699438           -0.06471319         8204.73228119 
  9.8500e-13          359.83352983            0.00000000        8204.79704873           -0.06482189         8204.73222684 
  9.9000e-13          359.83353223            0.00000000        8204.79710358           -0.06493160         8204.73217199 
  9.9500e-13          359.83353466            0.00000000        8204.79715895           -0.06504233         8204.73211662 
  1.0000e-12          359.83353711            0.00000000        8204.79721483           -0.06515408         8204.73206074 
